1 01 1
2 28 40 (
6 01 1
10 02 2
14 0a 10
256 0f 15
504 b1 177
505 ec 236
506 01 1
512 40 64 @
515 03 3
523 30 48 0
576 40 64 @
579 01 1
587 40 64 @
590 01 1
640 01 1
641 c0 192
643 01 1
651 0e 14
654 02 2
704 01 1
705 c0 192
707 01 1
714 01 1
718 03 3
2562 2e 46 .
2578 2e 46 .
2579 2e 46 .
2593 01 1
2594 72 114 r
2595 6f 111 o
2596 68 104 h
2597 69 105 i
2598 74 116 t
2817 01 1
2818 2e 46 .
2834 2e 46 .
2835 2e 46 .
2849 02 2
2850 66 102 f
2851 69 105 i
2852 6c 108 l
2853 65 101 e
2854 2e 46 .
2855 74 116 t
2856 78 120 x
2857 74 116 t
2865 03 3
2866 77 119 w
2867 72 114 r
2868 46 70 F
2869 69 105 i
2870 6c 108 l
2871 65 101 e
2872 2e 46 .
2873 74 116 t
2874 78 120 x
2875 74 116 t
3072 68 104 h
3073 6f 111 o
3074 77 119 w
3075 64 100 d
3076 79 121 y
3077 2c 44 ,
3078 20 32  
3079 70 112 p
3080 6f 111 o
3081 64 100 d
3082 6e 110 n
3083 65 101 e
3084 72 114 r
3085 0a 10
3328 72 114 r
3329 6f 111 o
3330 68 104 h
3331 69 105 i
3332 74 116 t
3333 0a 10
3334 72 114 r
3335 6f 111 o
3336 68 104 h
3337 69 105 i
3338 74 116 t
3339 0a 10
3340 72 114 r
3341 6f 111 o
3342 68 104 h
3343 69 105 i
3344 74 116 t
3345 0a 10
3346 72 114 r
3347 6f 111 o
3348 68 104 h
3349 69 105 i
3350 74 116 t
3351 0a 10
3352 72 114 r
3353 6f 111 o
3354 68 104 h
3355 69 105 i
3356 74 116 t
3357 0a 10
3358 72 114 r
3359 6f 111 o
3360 68 104 h
3361 69 105 i
3362 74 116 t
3363 0a 10
3364 72 114 r
3365 6f 111 o
3366 68 104 h
3367 69 105 i
3368 74 116 t
3369 0a 10
3370 72 114 r
3371 6f 111 o
3372 68 104 h
3373 69 105 i
3374 74 116 t
3375 0a 10
3376 72 114 r
3377 6f 111 o
3378 68 104 h
3379 69 105 i
3380 74 116 t
3381 0a 10
3382 72 114 r
3383 6f 111 o
3384 68 104 h
3385 69 105 i
3386 74 116 t
3387 0a 10
3388 72 114 r
3389 6f 111 o
3390 68 104 h
3391 69 105 i
3392 74 116 t
3393 0a 10
3394 72 114 r
3395 6f 111 o
3396 68 104 h
3397 69 105 i
3398 74 116 t
3399 0a 10
3400 72 114 r
3401 6f 111 o
3402 68 104 h
3403 69 105 i
3404 74 116 t
3405 0a 10
3406 72 114 r
3407 6f 111 o
3408 68 104 h
3409 69 105 i
3410 74 116 t
3411 0a 10
3412 72 114 r
3413 6f 111 o
3414 68 104 h
3415 69 105 i
3416 74 116 t
3417 0a 10
3418 72 114 r
3419 6f 111 o
3420 68 104 h
3421 69 105 i
3422 74 116 t
3423 0a 10
3424 72 114 r
3425 6f 111 o
3426 68 104 h
3427 69 105 i
3428 74 116 t
3429 0a 10
3430 72 114 r
3431 6f 111 o
3432 68 104 h
3433 69 105 i
3434 74 116 t
3435 0a 10
3436 72 114 r
3437 6f 111 o
3438 68 104 h
3439 69 105 i
3440 74 116 t
3441 0a 10
3442 72 114 r
3443 6f 111 o
3444 68 104 h
3445 69 105 i
3446 74 116 t
3447 0a 10
3448 72 114 r
3449 6f 111 o
3450 68 104 h
3451 69 105 i
3452 74 116 t
3453 0a 10
3454 72 114 r
3455 6f 111 o
3456 68 104 h
3457 69 105 i
3458 74 116 t
3459 0a 10
3460 72 114 r
3461 6f 111 o
3462 68 104 h
3463 69 105 i
3464 74 116 t
3465 0a 10
3466 72 114 r
3467 6f 111 o
3468 68 104 h
3469 69 105 i
3470 74 116 t
3471 0a 10
3472 72 114 r
3473 6f 111 o
3474 68 104 h
3475 69 105 i
3476 74 116 t
3477 0a 10
3478 72 114 r
3479 6f 111 o
3480 68 104 h
3481 69 105 i
3482 74 116 t
3483 0a 10
3484 72 114 r
3485 6f 111 o
3486 68 104 h
3487 69 105 i
3488 74 116 t
3489 0a 10
3490 72 114 r
3491 6f 111 o
3492 68 104 h
3493 69 105 i
3494 74 116 t
3495 0a 10
3496 72 114 r
3497 6f 111 o
3498 68 104 h
3499 69 105 i
3500 74 116 t
3501 0a 10
3502 72 114 r
3503 6f 111 o
3504 68 104 h
3505 69 105 i
3506 74 116 t
3507 0a 10
3508 72 114 r
3509 6f 111 o
3510 68 104 h
3511 69 105 i
3512 74 116 t
3513 0a 10
3514 72 114 r
3515 6f 111 o
3516 68 104 h
3517 69 105 i
3518 74 116 t
3519 0a 10
3520 72 114 r
3521 6f 111 o
3522 68 104 h
3523 69 105 i
3524 74 116 t
3525 0a 10
3526 72 114 r
3527 6f 111 o
3528 68 104 h
3529 69 105 i
3530 74 116 t
3531 0a 10
3532 72 114 r
3533 6f 111 o
3534 68 104 h
3535 69 105 i
3536 74 116 t
3537 0a 10
3538 72 114 r
3539 6f 111 o
3540 68 104 h
3541 69 105 i
3542 74 116 t
3543 0a 10
3544 72 114 r
3545 6f 111 o
3546 68 104 h
3547 69 105 i
3548 74 116 t
3549 0a 10
3550 72 114 r
3551 6f 111 o
3552 68 104 h
3553 69 105 i
3554 74 116 t
3555 0a 10
3556 72 114 r
3557 6f 111 o
3558 68 104 h
3559 69 105 i
3560 74 116 t
3561 0a 10
3562 72 114 r
3563 6f 111 o
3564 68 104 h
3565 69 105 i
3566 74 116 t
3567 0a 10
3568 72 114 r
3569 6f 111 o
3570 68 104 h
3571 69 105 i
3572 74 116 t
3573 0a 10
3574 72 114 r
3575 6f 111 o
3576 68 104 h
3577 69 105 i
3578 74 116 t
3579 0a 10
3580 72 114 r
3581 6f 111 o
3582 68 104 h
3583 69 105 i
